   4.31 155.3   3.92 136.1   5.15 140.2   4.23 137.1   4.75 150.2   4.71 137.9
   4.35 146.5   4.52 138.0   4.83 153.7   5.40 145.8   4.63 141.0   4.90 137.3
   4.31 143.3   4.58 157.0   4.94 141.7   4.65 143.1   4.63 143.0   4.88 149.5
   5.42 148.5   4.92 140.4   4.04 146.7   3.92 151.5   5.02 135.3   5.06 151.6
   4.65 152.3   4.31 168.8   3.79 145.3   5.92 152.9   5.02 145.8   4.77 161.6
   4.79 144.1   4.60 147.5   5.33 150.1   4.81 141.0   6.02 146.9   4.38 149.0
   4.42 142.5   4.58 133.4   4.35 150.5   4.96 149.8   5.56 143.4   5.08 148.5
   5.19 141.6   4.40 142.4   4.10 152.6   5.02 134.0   4.94 142.9   5.27 144.4
   5.38 141.5   5.88 144.8   6.00 140.1   4.75 158.3   5.08 148.1   5.46 163.5
   4.27 150.8   4.69 138.8   5.71 144.0   5.21 138.8   5.00 132.4   5.06 144.4
   5.21 139.5   5.75 141.2   5.15 132.1   5.50 137.5   5.17 145.3   6.90 136.5
   6.23 134.5   5.46 144.1   6.33 138.5   6.08 139.7   7.60 131.0   6.06 151.6
   6.44 143.3   6.85 135.2   6.54 140.2   6.60 138.1   6.25 144.7   5.81 132.5
   4.85 135.4   6.90 134.0   5.63 143.1   6.50 135.6   6.35 144.9   7.94 141.2
   6.56 145.1   6.71 139.3   5.65 139.3   5.71 119.3   6.65 137.4   4.96 126.1
   6.35 126.9   6.13 135.5   6.69 133.7   6.48 138.2   6.04 136.9   5.13 137.5
   6.50 129.1   5.10 137.1   6.63 141.4   7.00 137.5   7.40 148.2   5.58 131.4
   5.85 137.2   6.23 139.6   6.60 139.0   5.75 124.8   5.83 138.1   6.98 138.6
   6.06 152.8   6.42 143.1   5.88 145.5   5.27 153.3   4.94 147.7   6.38 137.8
   5.60 139.2   5.52 143.9   5.21 145.5   5.83 138.7   5.92 140.3   5.40 140.6
   5.04 142.1   6.40 129.0   5.79 126.7   5.92 138.9   6.54 137.6   6.46 142.4
   5.58 141.3   4.58 152.5   4.67 144.9   4.67 145.0   4.71 134.6   5.38 142.4
   5.17 126.8   5.13 141.2   4.79 145.4   7.15 142.8   6.04 142.3   5.83 139.2
   6.31 127.7   5.21 147.1   6.27 139.8   5.33 137.5   5.46 133.0   5.21 137.0
   5.81 127.5   5.83 144.2   5.63 132.8   4.81 134.9   5.42 133.6   5.46 150.0
   7.13 143.7   5.96 143.2   6.42 128.4   4.42 131.3   3.90 131.1   3.63 119.8
   3.13 111.7   3.46 139.5   3.79 133.8   3.40 149.7   5.17 138.7   3.88 127.6
   3.35 135.1   4.81 136.5   5.17 131.4   4.27 130.1   3.94 136.3   3.63 119.3
   4.25 135.2   3.88 134.4   3.79 143.4   3.85 113.4   3.23 107.1   4.56 123.2
   6.10 144.3   5.19 125.8   3.63 145.0   4.17 126.1   4.73 125.1   5.15 109.9
   3.65  96.6   4.17 132.1   5.08 124.6   3.00 106.7   3.52 130.3   4.33 113.0
   3.81 110.1   3.75  99.3   4.19 135.8   3.69 130.0   4.56 130.0   4.02 112.2
   3.73 108.6   5.19 108.4   5.25 112.4   3.88 103.4   3.71 118.7   4.56  96.8
   4.67 107.9   4.23 115.9   5.33  91.4   5.77  93.6   2.94  64.9   4.69 102.4
   4.13  76.8   4.19  94.3   5.46 106.9   4.98 103.2   5.46 108.7   5.88  94.8
   4.50 105.6   4.77  86.0   4.71  97.4   4.58 117.5   3.88  86.1   3.83  85.5
   4.73  88.0   3.15  86.9   2.85  99.9   3.85  76.2   4.23  89.8   4.17  88.2
   5.21 100.4   3.69  88.6   4.71  90.1   3.50  88.5   4.33  87.3   4.08  94.4
   3.75  75.8   5.04  91.5   3.88  84.2   3.71  84.5   4.17  94.3   3.27  87.4
   3.38  74.9   4.31  84.7   3.98  57.4   4.06  80.5   4.46  76.5   3.88  83.9
   4.75  89.3   4.19  70.9   3.98  74.5   3.56  75.7   3.15  62.1   3.67  58.7
   4.02  71.1   3.90  70.2   4.33  81.7   4.40  88.4   4.50  67.5   4.35  65.9
   4.15  78.3   4.33  79.2   3.77  65.5   4.08  77.4   4.65  67.2   4.19  79.7
   3.23  60.2   4.96  75.5   3.65  69.8   4.02  71.1   4.63  68.5   4.00  61.8
   3.81  60.9   4.71  68.2   5.04  51.0   4.42  55.4   3.65  59.1   5.31  47.8
   4.42  59.5   4.06  64.4   4.81  75.1   5.69  62.0   4.58  56.5   4.40  61.9
   3.81  58.9   4.17  42.1   4.63  44.5   5.35  49.1   5.94  42.0   5.75  48.1
   4.63  54.8   4.60  60.1   5.02  50.8   4.81  43.8   4.90  48.4   5.29  47.8
   5.35  55.6   5.46  50.7   4.67  49.7   5.75  59.3   4.42  44.0   5.02  48.6
   4.27  57.1   5.13  62.6   4.79  58.7   4.96  62.2   4.88  64.6   5.13  42.6
   4.15  78.0   4.17  38.9   4.10  62.2   3.79  69.1   3.98  46.9   3.75  67.1
   4.31  42.5   3.71  66.9   4.77  45.3   4.50  42.9   4.17  58.5   4.63  56.4
   3.81  48.2   4.27  49.6   4.75  50.8   4.17  47.8   4.17  44.4   4.27  51.6
   4.08  51.1   4.42  49.8   4.35  53.3   3.88  49.1   3.85  54.6   3.88  56.4
   4.33  52.9   4.15  56.0   4.35  58.6   4.00  65.9   4.56  46.0   3.81  56.9
   3.75  53.5   3.44  57.7   3.46  57.4   3.77  42.0   3.33  45.7   4.10  46.9
   3.58  59.6   3.35  50.3   3.60  60.6   4.60  57.5   3.25  63.1   3.63  66.2
   3.35  55.1   3.73  61.8   3.15  65.2   3.10  42.2   3.42  62.5   3.25  64.4
   3.69  48.5   3.48  48.2   4.06  46.4   4.44  55.6   3.96  61.4   3.56  61.0
   3.33  55.2   3.44  56.2   3.94  43.2   3.92  47.2   3.75  56.2   3.48  50.5
   3.38  62.2   3.52  48.9   4.29  51.2   3.56  48.0   3.90  57.3   4.56  48.7
   4.08  57.7   4.10  45.1   3.94  55.7   4.44  50.7   3.92  38.5   4.17  50.4
   4.13  52.3   4.23  44.5   4.25  50.3   4.38  40.1   5.10  46.5   4.75  54.6
   4.42  46.2   4.94  50.5   5.38  44.2   4.54  45.0   5.33  48.3   5.06  38.1
   4.92  53.7   4.60  65.2   4.67  46.5   4.54  52.4   5.08  56.9   4.44  57.8
   5.02  51.0   4.88  50.4   4.81  46.5   4.50  74.4   3.23  53.0   3.79  56.7
   4.96  48.9   4.52  46.4   3.85  52.3   4.52  55.2   4.38  49.2   4.40  42.2
   4.42  52.9   4.60  47.2   4.38  44.5   4.48  39.6   4.92  54.4   5.58  45.9
   5.00  52.8   4.67  47.6   5.13  50.3   5.63  45.0   5.67  45.0   5.15  51.9
   5.31  43.7   4.71  53.9   4.60  42.2   4.27  47.3   4.46  46.9   5.06  48.0
   6.06  43.2   6.04  50.1   5.96  35.4   5.69  36.7   5.98  52.5   5.63  53.2
   5.77  45.1   5.46  45.0   5.85  38.4   6.58  51.0   6.40  61.8   6.15  45.8
   5.69  40.5   6.13  42.4   5.83  43.1   5.75  45.7   5.13  46.8   5.69  53.8
   6.31  30.7   6.56  49.5   5.85  51.4   6.10  44.9   6.13  51.0   5.75  44.2
   5.63  48.9   5.44  48.7   5.33  44.3   5.46  40.7   5.02  46.5   5.10  47.0
   5.19  48.6   5.67  41.0   5.31  49.6   6.42  37.9   4.96  45.7   5.46  43.3
   5.40  39.9   4.96  46.6   5.17  40.5   5.65  47.3   4.75  37.5   4.27  45.3
   4.85  52.7   4.69  42.3   4.15  37.8   4.90  45.4   5.98  54.8   5.00  55.3
   5.23  41.9   4.79  48.8   5.13  42.7   5.21  42.3   5.42  45.3   4.81  47.7
   5.21  39.9   5.33  38.2   4.88  51.0   3.85  40.3   4.23  48.3   5.33  42.4
   4.63  41.6   4.52  55.1   4.10  46.6   4.44  44.3   3.35  51.0   4.33  46.5
   4.48  48.6   5.40  42.7   4.69  52.0   6.33  54.8   4.48  44.8   6.52  42.7
   7.06  42.9   7.13  38.4   5.92  44.3   6.06  41.8   5.58  42.4   6.13  44.5
   5.75  44.6   5.29  51.8   4.94  42.2   4.54  45.6   4.71  61.0   5.29  50.9
   5.54  50.1   5.10  44.8   5.63  46.6   5.52  47.4   4.56  55.8   5.31  51.2
   5.83  47.6   5.60  48.4   4.83  63.5   5.56  51.1   6.02  41.0   5.54  47.7
   5.23  50.0   5.94  44.5   6.60  41.5   6.79  43.3   6.96  34.3   7.50  37.5
   6.71  49.8   6.15  47.9   6.04  48.9   5.67  41.8   5.29  50.1   5.65  46.1
   5.81  41.5   5.27  52.8   5.19  47.5   5.10  39.7   5.48  52.4   5.85  47.4
   5.17  51.3   4.75  42.0   4.92  47.0   5.71  54.0   5.02  52.9   5.10  44.9
   5.42  57.7   5.06  48.4   5.00  47.6   4.75  53.2   4.52  38.7   4.94  53.7
   4.96  34.5   5.40  51.1   5.13  47.0   4.85  62.8   5.10  47.9   4.71  48.3
   5.04  56.4   4.21  46.8   5.35  53.6   4.31  43.5   4.96  56.8   4.79  54.7
   4.35  52.9   5.10  55.2   4.79  58.3   6.15  51.3   6.02  57.9   4.88  48.1
   4.50  50.0   5.19  66.3   4.13  50.8   5.02  48.4   5.21  42.2   6.21  47.5
   5.65  48.6   5.23  40.9   5.65  44.8   5.27  44.6   5.29  50.8   5.88  52.3
   5.04  67.6   5.79  41.5   5.15  45.5   5.67  50.8   4.98  49.3   5.52  53.1
   5.96  47.0   5.67  41.8   5.33  73.1   5.44  37.7   5.38  56.5   5.52  68.3
   4.65  48.1   5.08  58.5   4.25  49.1   4.50  62.2   4.04  70.2   3.56  48.0
   4.23  49.3   5.10  65.4   4.94  46.1   3.40  54.1   3.81  41.1   4.19  56.1
   4.54  67.6   4.65  61.5   4.58  55.3   4.73  74.6   3.90  51.3   5.08  40.4
   5.73  55.2   5.23  47.5   5.77  59.0   5.73  48.4   5.19  41.4   5.35  54.1
   5.02  45.4   5.50  56.3   5.42  41.8   6.52  54.9   5.21  48.1   5.92  50.1
   5.17  43.8   5.56  63.7   4.94  65.8   4.71  41.0   4.77  43.2   4.75  59.9
   4.79  44.1   4.52  47.3   4.67  54.6   3.83  52.8   4.67  73.8   4.85  55.2
   3.98  57.4   4.29  48.0   4.21  63.0   4.94  47.7   3.38  53.8   4.00  42.2
   4.15  50.8   3.94  56.7   4.75  48.8   4.58  51.8   5.19  47.7   5.29  61.6
   5.40  54.7   5.50  43.8   5.06  57.2   5.46  47.3   4.71  54.2   5.94  47.3
   5.42  57.1   5.60  50.6   5.06  44.3   5.83  47.7   5.83  55.0   5.23  42.9
   5.29  56.9   5.08  51.0   5.02  39.5   5.60  54.7   5.27  50.1   5.04  43.8
   4.83  48.0   4.71  43.6   4.44  73.1   4.71  44.8   4.52  51.2   4.13  50.3
   5.35  48.0   5.60  61.1   4.50  56.9   4.48  42.7   4.19  38.4   4.98  45.0
   3.96  36.5   4.50  38.6   4.73  27.1   5.13  58.1   4.19  66.6   3.29  49.7
   3.60  45.8   3.58  52.9   4.04  62.7   3.75  75.3   4.25  65.2   4.31  57.5
   3.23  47.1   4.15  76.4   3.88  93.7   4.08  54.8   3.81  63.9   3.40  50.3
   3.33  48.1   3.96  55.8   5.13  63.9   4.17  43.9   3.06  52.7   3.83  62.8
   3.60  45.6   3.85  58.2   4.15  56.7   4.02  44.1   4.31  48.4   3.98  53.4
   4.10  56.6   3.85  56.1   3.31  71.8   4.50  63.1   4.44  49.0   3.81  58.8
   4.73  71.2   3.56  52.4   3.29  51.7   3.54  52.7   4.17  51.3   4.73  58.7
   5.27  53.8   5.00  54.7   5.23  63.6   4.54  60.3   4.15  70.0   5.69  53.3
   5.02  64.2   4.52  41.1   5.17  74.4   5.04  47.3   5.23  63.1   4.83  44.2
   6.00  52.2   4.79  51.1   4.81  45.4   4.58  40.6   4.54  48.9   5.40  58.4
   5.44  62.5   4.23  51.0   4.40  48.1   4.44  38.8   4.81  60.1   5.19  43.6
   4.46  41.5   5.48  58.4   4.17  45.7   3.77  55.0   4.69  48.3   4.13  50.0
   4.54  46.7   3.56  59.6   4.94  62.2   4.33  46.1   4.00  50.8   4.75  52.4
   4.00  47.3   4.15  45.1   4.31  46.4   3.92  64.1   3.92  56.2   3.81  69.9
   3.58  60.7   4.71  63.4   3.98  67.2   3.79  68.9   4.27  56.3   5.33  67.4
   4.46  38.6   3.88  45.5   3.29  56.8   4.25  59.6   4.21  49.2   3.75  61.8
   4.50  43.6   4.10  44.1   5.02  64.6   4.69  57.5   4.77  50.7   4.48  52.1
   4.38  58.3   4.54  42.7   4.92  42.8   3.33  46.9   3.60  53.8   3.27  48.6
   3.48  52.8   4.38  59.8   4.19  50.0   4.98  62.8   4.15  56.4   3.27  54.9
   4.17  70.5   4.27  64.2   4.52  60.4   4.79  58.1   4.48  73.5   3.90  56.5
   3.46  51.5   5.63  55.6   3.60  52.8   4.33  60.9   4.46  63.2   4.48  46.8
   4.40  46.8   4.79  59.0   3.63  67.8   4.85  71.7   4.23  63.2   3.90  48.5
   4.13  78.0   3.63  60.1   3.54  77.2   4.27  61.9   3.60  72.3   4.27  70.5
   3.42  62.4   4.38  58.7   3.77  63.5   4.42  71.7   3.67  65.5   3.94  67.4
   3.46  65.3   3.71  52.2   3.54  44.3   4.17  58.9   4.33  60.3   4.98  56.1
   4.75  52.6   3.42  37.3   4.29  56.9   4.88  46.7   5.21  54.2   4.31  52.0
   3.98  60.5   4.04  47.6   3.63  47.6   4.02  62.4   3.85  53.9   4.90  49.0
   4.79  48.3   3.85  40.0   4.23  51.2   4.81  53.7   4.27  49.4   4.15  43.7
   3.88  37.1   3.77  50.6   4.31  56.5   4.21  49.9   4.40  45.9   4.63  57.2
   4.85  57.3   4.27  54.0   5.42  51.2   4.50  51.6   4.98  47.6   4.21  46.9
   3.75  49.7   4.63  60.4   3.52  63.9   4.06  52.9   3.52  42.9   3.13  69.2
   3.96  61.6   4.48  47.8   3.90  58.0   3.17  49.8   3.69  46.4   3.44  40.8
   3.31  85.7   3.52  51.7   3.40  46.7   3.58  49.8   4.75  56.9   3.92  45.5
   3.25  64.3   3.38  54.6   3.96  63.6   4.29  57.0   3.88  47.5   4.98  48.0
   5.13  56.5   4.31  45.8   4.60  44.3   4.13  43.4   4.27  36.5   4.65  49.2
   4.65  44.3   5.31  52.8   5.00  44.9   4.73  52.5   4.02  36.4   4.60  50.1
   4.85  65.2   5.15  59.6   4.29  50.9   3.79  47.6   3.13  50.8   3.54  57.3
   3.88  54.2   3.67  50.6   4.50  58.3   3.58  65.3   3.60  73.0   4.13  57.0
   4.29  81.1   3.17  67.0   2.69  60.6   3.69  52.3   3.75  59.8   4.83  59.1
   3.50  60.4   3.77  40.9   4.15  50.5   4.06  52.6   4.13  72.1   3.46  48.8
   3.42  51.5   4.02  44.8   4.08  47.5   4.63  44.6   4.46  44.9   4.29  56.8
   4.88  43.5   3.90  38.8   3.81  47.0   4.17  40.9   4.56  64.0   3.69  42.7
   4.10  40.8   3.94  50.8   3.13  63.0   3.92  75.5   3.94  67.3   3.65  49.3
   4.08  55.4   3.29  55.1   2.92  46.0   2.50  52.1   3.04  67.7   3.15  64.7
   3.23  48.1   3.40  49.4   3.44  45.7   3.31  54.1   3.21  60.6   3.13  54.4
   3.40  53.9   3.54  52.4   3.25  51.2   2.50  44.5   2.90  45.9   3.65  50.8
   3.75  49.1   3.77  42.8   3.77  56.4   3.58  57.3   4.44  50.8   3.46  47.3
   3.92  37.2   3.96  44.3   3.75  51.5   4.10  50.5   3.50  53.2   4.69  46.5
   4.02  45.8   3.88  56.6   3.81  40.8   3.92  54.9   4.40  50.1   4.23  59.5
   4.02  43.8   4.33  54.6   4.77  46.8   4.60  48.3   4.38  52.3   4.04  49.6
   3.69  48.7   3.88  48.7   4.00  34.7   3.98  53.5   3.44  48.4   4.02  38.2
   3.88  47.0   3.88  69.6   2.83  64.6   3.46  63.3   3.77  52.8   2.85  36.5
   3.60  57.1   3.58  50.9   2.21  65.3   2.92  57.1   3.42  46.4   3.29  60.1
   3.44  44.5   3.06  60.6   3.27  56.9   3.31  55.7   2.94  53.7   3.38  64.3
   3.46  36.1   3.15  51.5   2.73  59.8   2.44  39.5   2.92  40.3   2.81  51.2
   3.58  56.8   2.83  55.7   2.94  47.6   2.42  56.9   3.02  40.1   2.73  48.1
   3.23  48.6   2.83  51.0   3.13  47.9   3.00  44.1   3.04  45.5   3.10  47.7
   3.33  52.4   2.63  45.2   2.46  47.5   2.67  43.7   2.38  50.4   2.60  56.6
   2.60  49.6   2.81  45.1   3.02  58.7   2.81  56.0   2.33  54.6   2.38  50.4
   2.06  40.2   2.75  43.7   3.10  48.4   2.54  61.3   2.88  53.7   2.67  53.6
   2.29  51.7   2.27  59.4   2.73  56.1   2.29  41.1   2.40  41.6   2.69  56.4
   2.56  52.0   2.94  48.8   2.85  42.8   3.10  45.5   3.31  37.7   3.21  51.5
   3.23  46.9   2.92  40.4   3.08  57.7   2.44  49.9   3.10  42.1   2.73  43.3
   2.54  52.1   2.58  55.5   2.63  51.3   2.60  58.8   2.98  43.1   2.17  70.7
   1.94  56.4   1.92  64.2   2.04  64.9   1.83  72.1   2.04  76.1   2.00  63.3
   1.77  74.8   2.67  78.3   2.31  65.2   2.23  51.2   2.29  40.5   2.90  47.7
   2.71  44.5   2.54  67.0   2.58  43.6   2.75  44.9   2.65  56.6   2.67  56.0
   2.65  59.7   2.40  57.3   2.44  44.2   2.52  49.7   2.27  52.5   2.04  52.2
   1.88  59.0   2.17  69.7   1.71  47.7   1.40  59.1   1.52  70.4   1.58  59.3
   1.88  55.2   2.50  93.4   2.02  83.8   2.08  77.3   1.81  68.2   1.85  48.1
   2.08  62.7   1.90  56.0   2.06  64.3   2.33  62.9   2.88  55.3   2.77  56.8
   2.23  53.3   2.31  51.2   2.98  57.0   2.31  47.0   1.65  43.1   2.13  83.1
   1.54  42.9   1.48  64.5   1.33  76.3   2.19  36.1   1.88  51.4   2.06  65.6
   1.90  47.2   1.71  62.2   1.85  68.3   1.44  55.2   2.00  56.8   2.10  67.4
   1.90  70.2   2.08  44.7   1.35  64.3   2.04  63.2   1.69  61.7   1.88  69.5
   2.46  77.5   1.88  69.0   1.54  66.8   2.02  59.8   1.38  64.8   1.58  55.6
   1.69  71.9   2.52  79.6   1.81  65.7   2.00  73.4   1.92  81.5   1.63  71.1
   2.38  71.2   1.63  53.0   1.63  53.5   1.63  86.1   1.92  85.6   1.58  79.9
   1.15  83.1   1.40  70.1   1.50  76.4   1.67  86.4   1.46  88.2   1.17  74.3
   1.54  76.0   1.67  73.0   1.31  83.6   1.50  70.8   1.23  78.5   1.38  77.1
   1.13  71.9   1.00  54.9   1.73  73.5   1.75  80.0   1.33  69.3   1.54  72.8
   1.52  50.7   1.65  47.7   1.52  63.2   1.65  59.5   1.73  66.5   1.69  70.4
   1.46  55.8   1.40  63.4   1.23  43.5   1.54  46.2   1.48  58.5   1.50  54.4
   1.35  61.2   1.54  52.7   1.65  63.1   1.35  43.1   1.52  55.1   1.27  49.5
   1.29  65.8   1.27  46.0   1.02  75.1   1.52  72.2   1.40  61.8   1.60  59.5
   1.67  66.4   1.60  58.2   1.60  63.0   1.92  71.8   1.81  54.4   1.98  61.2
   1.83  67.3   1.50  50.9   1.17  51.5   1.23  72.8   1.33  80.7   1.10  59.3
   0.81  82.5   1.35  82.1   1.21  91.2   1.21  70.5   1.25  83.0   0.83 100.7
   0.96  88.4   0.94  71.9   1.02  74.1   1.02  71.2   0.96  60.4   0.71  57.1
   1.04  82.9   0.94  83.1   1.06  84.8   1.00  71.5   0.98  92.9   0.94  80.6
   1.08  91.7   0.83  91.8   1.15 101.2   1.23 108.4   1.21 105.2   0.98 114.8
   1.19 120.3   0.98 111.5   0.83 112.3   1.15 108.0   0.85 103.5   0.73 111.6
   0.88 108.3   0.96 105.5   0.96  98.0   0.90  98.6   0.69 100.1   0.75 108.5
   0.88 115.2   0.98 115.9   0.92 116.0   0.60 115.9   0.50 116.0   0.73 118.0
   0.88 130.0   0.90 134.4   1.08 132.7   1.04 126.9   0.92 128.4   0.98 115.9
   0.98 109.1   1.00 111.7   0.98 124.2   1.19 135.4   1.13 135.5   1.15 136.7
   1.10 136.8   1.02 146.3   1.17 154.4   1.29 160.1   1.31 161.5   1.13 159.4
   1.19 160.8   1.29 161.5   1.25 163.9   1.27 159.8   1.21 162.0   1.19 162.2
   1.04 160.5   0.94 157.8   0.94 158.1   1.08 160.0   1.15 160.0   1.25 160.4
   1.25 165.4   1.31 166.6   1.25 170.3   1.33 170.5   1.29 172.6   1.38 173.2
   1.44 173.2   1.46 173.2   1.38 174.8   1.44 179.9   1.38 180.7   1.40 177.1
   1.35 176.7   1.38 176.6   1.35 176.5   1.38 176.6   1.27 176.1   1.27 176.2
   1.21 177.1   1.23 180.2   1.23 190.8   1.19 188.7   1.13 193.1   1.13 195.1
   0.98 195.5   1.00 215.3   1.04 219.0   1.13 219.6   1.15 221.3   1.10 217.9
   1.23 215.1   1.19 216.5   1.23 213.2   1.33 215.7   1.31 211.2   1.27 210.6
   1.38 220.1   1.44 218.4   1.42 211.6   1.46 213.4   1.54 215.3   1.63 215.3
   1.50 209.2   1.42 204.7   1.44 202.2   1.56 198.2   1.56 196.1   1.42 203.2
   1.50 201.5   1.52 201.7   1.50 203.5   1.60 211.8   1.60 205.5   1.48 208.1
   1.54 204.6   1.58 204.3   1.83 212.7   1.81 209.6   1.69 210.2   1.60 215.5
   1.35 209.2   1.56 215.3   1.77 208.4   1.60 211.8   1.56 215.9   1.42 218.6
   1.52 209.2   1.13 214.7   1.31 216.2   1.33 212.8   1.54 210.7   1.42 210.8
   1.35 207.3   1.46 210.2   1.52 201.2   1.56 202.0   1.52 200.3   1.63 210.5
   1.60 206.3   1.31 211.6   1.54 222.8   1.40 219.3   1.23 222.6   1.31 219.6
   1.25 217.2   1.40 222.2   1.54 215.9   1.13 217.3   1.35 222.2   1.42 217.0
   1.50 207.5   1.10 213.8   1.50 210.3   1.54 211.8   1.27 226.2   1.08 218.4
   1.04 217.4   1.25 218.2   1.13 209.9   1.10 217.4   1.27 224.2   1.38 212.9
   1.08 223.6   1.17 221.2   1.29 223.2   1.19 210.7   1.10 226.7   1.17 222.3
   1.42 226.1   1.46 218.6   1.19 230.5   1.46 206.1   1.52 222.1   1.35 227.0
   1.31 217.2   1.06 201.8   0.65 202.7   0.94 191.5   1.29 211.3   1.63 206.9
   1.44 208.9   1.44 204.6   1.08 201.8   1.56 203.7   1.54 211.9   1.77 214.0
   1.50 198.4   1.40 199.2   1.02 198.9   1.19 199.5   1.29 193.7   1.54 185.8
   1.40 180.8   1.29 181.4   1.52 179.6   1.65 174.7   1.25 179.6   1.40 190.1
   1.69 205.8   1.85 208.6   1.31 207.4   1.60 200.9   1.42 193.4   1.63 208.6
   2.27 207.3   2.56 202.2   2.63 198.2   2.04 213.9   2.54 202.9   2.46 205.1
   2.31 203.9   1.98 202.1   1.29 201.6   1.92 207.4   1.92 191.8   1.60 203.7
   1.88 211.0   1.17 205.3   1.42 213.4   1.19 206.9   1.46 206.8   1.19 221.6
   1.27 212.6   1.42 205.9   1.71 200.0   1.73 210.3   1.92 208.5   1.58 214.4
   1.67 204.0   1.98 199.2   2.35 202.2   2.13 203.4   2.02 196.4   2.44 214.5
